HN|AN|DATEOPD|TYPE|CODE|QTY|RATE|SEQ|CAGCODE|DOSE|CA_TYPE|SERIALNO|TOTCOPAY|USE_STATUS|TOTAL|QTYDAY|TMLTCODE|STATUS1|BI|CLINIC|ITEMSRC|PROVIDER|GRAVIDA|GA_WEEK|DCIP/E_SCREEN|LMP
007252||20260622|17|55021|1|50.00|0003562261|||||||50.00|||||00100|1|||||
007252||20260622|15|30101|1|90.0|0003562261|||||||90||300034|||00100|1|||||
007252||20260622|15|31001|1|65.0|0003562261|||||||65||310015|||00100|1|||||
007252||20260622|15|32102|1|40.0|0003562261|||||||40||320032|||00100|1|||||
007252||20260622|15|32103|1|40.0|0003562261|||||||40||320026|||00100|1|||||
007252||20260622|15|32106|1|50.0|0003562261|||||||50||320001|||00100|1|||||
007252||20260622|15|32202|1|45.0|0003562261|||||||45||320055|||00100|1|||||
007252||20260622|15|32203|1|40.0|0003562261|||||||40||320291|||00100|1|||||
007252||20260622|15|32504|1|150.0|0003562261|||||||150||320073|||00100|1|||||
