HN|AN|DATEOPD|TYPE|CODE|QTY|RATE|SEQ|CAGCODE|DOSE|CA_TYPE|SERIALNO|TOTCOPAY|USE_STATUS|TOTAL|QTYDAY|TMLTCODE|STATUS1|BI|CLINIC|ITEMSRC|PROVIDER|GRAVIDA|GA_WEEK|DCIP/E_SCREEN|LMP
039043||20260625|17|55020|1|50.00|0003564972|||||||50.00|||||00100|1|||||
039043||20260625|15|30101|1|90.0|0003564972|||||||90||300034|||00100|1|||||
039043||20260625|15|32001|1|110.0|0003564972|||||||110||320258|||00100|1|||||
039043||20260625|15|32003|1|320.0|0003564972|||||||320||320261|||00100|1|||||
039043||20260625|15|32201|1|45.0|0003564972|||||||45||320052|||00100|1|||||
039043||20260625|15|32202|1|45.0|0003564972|||||||45||320055|||00100|1|||||
039043||20260625|15|36007|1|200.0|0003564972|||||||200||350498|||00100|1|||||
039043||20260625|15|36053|1|200.0|0003564972|||||||200||350040|||00100|1|||||
039043||20260625|15|36614|1|550.0|0003564972|||||||550||350131|||00100|1|||||
