HN|DATEDX|CLINIC|DIAG|DXTYPE|DRDX|PERSON_ID|SEQ
000641|20260624|00100|M7916|1|68955|3341400653349|0003563596
000641|20260624|00100|E119|4|68955|3341400653349|0003563596
000641|20260624|00100|I10|4|68955|3341400653349|0003563596
000641|20260624|00100|M722|4|68955|3341400653349|0003563596
000641|20260624|00100|M7910|4|68955|3341400653349|0003563596
000641|20260624|00100|U75.06|4|68955|3341400653349|0003563596
000641|20260624|00100|Z136|4|20812|3341400653349|0003563596
000641|20260624|00100|Z713|4|68955|3341400653349|0003563596
000641|20260624|00100|Z724|4|68955|3341400653349|0003563596
