HN|AN|DATEOPD|TYPE|CODE|QTY|RATE|SEQ|CAGCODE|DOSE|CA_TYPE|SERIALNO|TOTCOPAY|USE_STATUS|TOTAL|QTYDAY|TMLTCODE|STATUS1|BI|CLINIC|ITEMSRC|PROVIDER|GRAVIDA|GA_WEEK|DCIP/E_SCREEN|LMP
001519||20260630|17|55021|1|50.00|0003567274|||||||50.00|||||00100|1|||||
001519||20260630|15|31001|1|65.0|0003567274|||||||65||310015|||00100|1|||||
001519||20260630|15|32001|1|110.0|0003567274|||||||110||320258|||00100|1|||||
001519||20260630|15|32202|1|45.0|0003567274|||||||45||320055|||00100|1|||||
001519||20260630|15|32203|1|40.0|0003567274|||||||40||320291|||00100|1|||||
001519||20260630|15|32205|1|60.0|0003567274|||||||60||320080|||00100|1|||||
001519||20260630|15|32401|1|150.0|0003567274|||||||150||320131|||00100|1|||||
001519||20260630|15|32504|1|150.0|0003567274|||||||150||320073|||00100|1|||||
001519||20260630|15|34116|1|270.0|0003567274|||||||270||320269|||00100|1|||||
