HN|AN|DATEOPD|TYPE|CODE|QTY|RATE|SEQ|CAGCODE|DOSE|CA_TYPE|SERIALNO|TOTCOPAY|USE_STATUS|TOTAL|QTYDAY|TMLTCODE|STATUS1|BI|CLINIC|ITEMSRC|PROVIDER|GRAVIDA|GA_WEEK|DCIP/E_SCREEN|LMP
017725||20260626|9|51410|2|200.00|0003565258|||||||200|||||00100|1|||||
017725||20260626|9|51460|1|500.0|0003565258|||||||500|||||00100|1|||||
017725||20260626|9|51461|1|700.0|0003565258|||||||700|||||00100|1|||||
017725||20260626|17|55021|1|50.00|0003565258|||||||50.00|||||00100|1|||||
017725||20260626|16|41003|1|250.00|0003565258|||||||250|||||00100|1|||||
017725||20260626|16|43502|1|850.0|0003565258|||||||850|||||00100|1|||||
017725||20260626|15|30101|1|90.0|0003565258|||||||90||300034|||00100|1|||||
017725||20260626|15|32103|1|40.0|0003565258|||||||40||320026|||00100|1|||||
017725||20260626|15|32202|1|45.0|0003565258|||||||45||320055|||00100|1|||||
