HN|AN|DATEOPD|TYPE|CODE|QTY|RATE|SEQ|CAGCODE|DOSE|CA_TYPE|SERIALNO|TOTCOPAY|USE_STATUS|TOTAL|QTYDAY|TMLTCODE|STATUS1|BI|CLINIC|ITEMSRC|PROVIDER|GRAVIDA|GA_WEEK|DCIP/E_SCREEN|LMP
039854||20260630|18|52910|1|200.0|0003567335|||||||200|||||00100|1|||||
039854||20260630|17|55020|1|50.00|0003567335|||||||50.00|||||00100|1|||||
039854||20260630|17|55822|1|30.00|0003567335|||||||30|||||00100|1|||||
039854||20260630|15|30101|1|90.0|0003567335|||||||90||300034|||00100|1|||||
039854||20260630|15|32102|1|40.0|0003567335|||||||40||320032|||00100|1|||||
039854||20260630|15|32103|1|40.0|0003567335|||||||40||320026|||00100|1|||||
039854||20260630|15|32201|1|45.0|0003567335|||||||45||320052|||00100|1|||||
039854||20260630|15|32202|1|45.0|0003567335|||||||45||320055|||00100|1|||||
039854||20260630|11|XXXXX5|1|11|0003567335|||||||11|||||00100|1|||||
