HN|AN|DATEOPD|TYPE|CODE|QTY|RATE|SEQ|CAGCODE|DOSE|CA_TYPE|SERIALNO|TOTCOPAY|USE_STATUS|TOTAL|QTYDAY|TMLTCODE|STATUS1|BI|CLINIC|ITEMSRC|PROVIDER|GRAVIDA|GA_WEEK|DCIP/E_SCREEN|LMP
028751||20260625|17|55021|1|50.00|0003564435|||||||50.00|||||00100|1|||||
028751||20260625|15|30101|1|90.0|0003564435|||||||90||300034|||00100|1|||||
028751||20260625|15|32401|1|150.0|0003564435|||||||150||320131|||00100|1|||||
028751||20260625|15|32501|1|60.0|0003564435|||||||60||320070|||00100|1|||||
028751||20260625|15|32502|1|60.0|0003564435|||||||60||320072|||00100|1|||||
028751||20260625|15|32503|1|100.0|0003564435|||||||100||320071|||00100|1|||||
028751||20260625|15|32504|1|150.0|0003564435|||||||150||320073|||00100|1|||||
028751||20260625|15|36003|1|55.0|0003564435|||||||55||350056|||00100|1|||||
028751||20260625|15|36006|1|100.0|0003564435|||||||100||350054|||00100|1|||||
