hospcode|pid|seq|date_serv|comservice|provider|d_update|cid
10953|132677|300717|20231201|1A213|3341100097106|20231206080002|2210501024497
10953|046444|300718|20231201|1A216|3341100097106|20231206080452|1348500067395
10953|026726|300720|20231201|1A216|3341100097106|20231206080642|1339900420271
10953|008003|300721|20231204|1A216|3341100097106|20231206080831|1349900682551
10953|053295|302296|20231218|1A210|3341100097106|20231221091022|1229900175723
10953|048613|303026|20231228|1A210|3341100097106|20240104085306|1349900616273
10953|132677|303027|20231228|1A216|3341100097106|20240104085514|2210501024497
10953|053295|303030|20231228|1A216|3341100097106|20240104085656|1229900175723
10953|068589|303548|20231228|1B000|3341100097106|20240115104054|3330401220607
