HN|AN|DATEOPD|TYPE|CODE|QTY|RATE|SEQ|CAGCODE|DOSE|CA_TYPE|SERIALNO|TOTCOPAY|USE_STATUS|TOTAL|QTYDAY|TMLTCODE|STATUS1|BI|CLINIC|ITEMSRC|PROVIDER|GRAVIDA|GA_WEEK|DCIP/E_SCREEN|LMP
000857||20260626|9|51410|1|200.00|0003565238|||||||200|||||00100|1|||||
000857||20260626|9|51460|1|500.0|0003565238|||||||500|||||00100|1|||||
000857||20260626|9|51461|1|700.0|0003565238|||||||700|||||00100|1|||||
000857||20260626|17|55021|1|50.00|0003565238|||||||50.00|||||00100|1|||||
000857||20260626|16|43502|2|850.0|0003565238|||||||850|||||00100|1|||||
000857||20260626|15|32103|1|40.0|0003565238|||||||40||320026|||00100|1|||||
000857||20260626|15|32202|1|45.0|0003565238|||||||45||320055|||00100|1|||||
000857||20260626|15|32203|1|40.0|0003565238|||||||40||320291|||00100|1|||||
000857||20260626|15|32504|1|150.0|0003565238|||||||150||320073|||00100|1|||||
