HN|AN|DATEOPD|TYPE|CODE|QTY|RATE|SEQ|CAGCODE|DOSE|CA_TYPE|SERIALNO|TOTCOPAY|USE_STATUS|TOTAL|QTYDAY|TMLTCODE|STATUS1|BI|CLINIC|ITEMSRC|PROVIDER|GRAVIDA|GA_WEEK|DCIP/E_SCREEN|LMP
010235||20260623|20|56009|1|90.0|0003563163|||||||90|||||00100|1|||||
010235||20260623|20|56020|1|105.0|0003563163|||||||105|||||00100|1|||||
010235||20260623|20|57999|1|510.00|0003563163|||||||510.00|||||00100|1|||||
010235||20260623|20|57999|1|160.00|0003563163|||||||160.00|||||00100|1|||||
010235||20260623|20|57999|2|140.00|0003563163|||||||140.00|||||00100|1|||||
010235||20260623|20|57999|1|200.00|0003563163|||||||200.00|||||00100|1|||||
010235||20260623|2|8307|1|1000|0003563163|||||||1000|||||00100|1|||||
010235||20260623|17|55020|1|50.00|0003563163|||||||50.00|||||00100|1|||||
010235||20260623|16|41003|2|250.00|0003563163|||||||250|||||00100|1|||||
